[gd_scene load_steps=113 format=3 uid="uid://c4sjk00cblni5"]

[ext_resource type="Script" path="res://homeisland.gd" id="1_le85t"]
[ext_resource type="PackedScene" uid="uid://b4wudneakgx1g" path="res://dino.tscn" id="1_on506"]
[ext_resource type="PackedScene" uid="uid://dir872dk02wtc" path="res://homeisland.glb" id="2_jdbx3"]
[ext_resource type="PackedScene" uid="uid://sh4g6naxwlt0" path="res://homeisland-camp.glb" id="3_x46lr"]
[ext_resource type="PackedScene" uid="uid://ob2eaacdfgux" path="res://river_stone.glb" id="4_4sxba"]
[ext_resource type="AudioStream" uid="uid://dlmqpccxd4bc2" path="res://homeisland.wav" id="6_2rpnm"]

[sub_resource type="BoxShape3D" id="BoxShape3D_2e7xp"]
size = Vector3(2.05182, 2.13129, 2.04102)

[sub_resource type="BoxShape3D" id="BoxShape3D_am7kk"]
size = Vector3(0.6875, 1.71045, 1.1543)

[sub_resource type="BoxShape3D" id="BoxShape3D_ho7xt"]
size = Vector3(1.09521, 1.21371, 1)

[sub_resource type="BoxShape3D" id="BoxShape3D_sd3ly"]
size = Vector3(0.44043, 1.38953, 1)

[sub_resource type="BoxShape3D" id="BoxShape3D_fmwdb"]
size = Vector3(1, 0.493774, 1)

[sub_resource type="BoxShape3D" id="BoxShape3D_wp45b"]
size = Vector3(0.347168, 0.528259, 1.16125)

[sub_resource type="BoxShape3D" id="BoxShape3D_g5ven"]
size = Vector3(1, 1.427, 0.328026)

[sub_resource type="BoxShape3D" id="BoxShape3D_fabjt"]
size = Vector3(0.64563, 0.652893, 0.665077)

[sub_resource type="BoxShape3D" id="BoxShape3D_2wh6w"]
size = Vector3(1.84566, 3.20929, 0.762634)

[sub_resource type="BoxShape3D" id="BoxShape3D_pconj"]
size = Vector3(6.62627, 5.73376, 0.510864)

[sub_resource type="BoxShape3D" id="BoxShape3D_6uo28"]
size = Vector3(0.52861, 0.640366, 0.568192)

[sub_resource type="Animation" id="Animation_pptnf"]
resource_name = "new_animation"
length = 6.0
loop_mode = 1
tracks/0/type = "value"
tracks/0/imported = false
tracks/0/enabled = true
tracks/0/path = NodePath(".:position")
tracks/0/interp = 1
tracks/0/loop_wrap = true
tracks/0/keys = {
"times": PackedFloat32Array(0, 3),
"transitions": PackedFloat32Array(1, 1),
"update": 0,
"values": [Vector3(2.95515, 7.68205, -9.29592), Vector3(2.95515, 7.6388, -8.78541)]
}

[sub_resource type="Animation" id="Animation_1und0"]
length = 0.001
tracks/0/type = "value"
tracks/0/imported = false
tracks/0/enabled = true
tracks/0/path = NodePath(".:position")
tracks/0/interp = 1
tracks/0/loop_wrap = true
tracks/0/keys = {
"times": PackedFloat32Array(0),
"transitions": PackedFloat32Array(1),
"update": 0,
"values": [Vector3(2.95515, 7.68205, -9.29592)]
}

[sub_resource type="AnimationLibrary" id="AnimationLibrary_5kl1c"]
_data = {
"RESET": SubResource("Animation_1und0"),
"new_animation": SubResource("Animation_pptnf")
}

[sub_resource type="BoxShape3D" id="BoxShape3D_w415f"]
size = Vector3(6.61166, 3.8833, 1)

[sub_resource type="BoxShape3D" id="BoxShape3D_16hbb"]
size = Vector3(1.74518, 1.43848, 0.928711)

[sub_resource type="BoxShape3D" id="BoxShape3D_re66d"]
size = Vector3(1.39453, 1.7373, 0.899292)

[sub_resource type="BoxShape3D" id="BoxShape3D_mwhlw"]
size = Vector3(1.82617, 1.12595, 1)

[sub_resource type="BoxShape3D" id="BoxShape3D_gi7qr"]
size = Vector3(0.829102, 1.81403, 1)

[sub_resource type="BoxShape3D" id="BoxShape3D_5aggh"]
size = Vector3(2.14478, 1.14539, 0.934082)

[sub_resource type="BoxShape3D" id="BoxShape3D_nf1kc"]
size = Vector3(1.74762, 1.66824, 1)

[sub_resource type="BoxShape3D" id="BoxShape3D_ympvu"]
size = Vector3(1, 5.77762, 1)

[sub_resource type="BoxShape3D" id="BoxShape3D_i71h3"]
size = Vector3(1.86536, 1.27686, 0.95459)

[sub_resource type="BoxShape3D" id="BoxShape3D_sxuqk"]
size = Vector3(1.79443, 5.39236, 0.74469)

[sub_resource type="BoxShape3D" id="BoxShape3D_8ojj8"]
size = Vector3(0.859436, 0.542969, 0.431152)

[sub_resource type="BoxShape3D" id="BoxShape3D_pf1td"]
size = Vector3(1, 0.766602, 1)

[sub_resource type="BoxShape3D" id="BoxShape3D_ny0yw"]
size = Vector3(2.12912, 3.43039, 1)

[sub_resource type="CylinderShape3D" id="CylinderShape3D_wowm3"]
height = 1.47024
radius = 4.736

[sub_resource type="BoxShape3D" id="BoxShape3D_xl7e6"]
size = Vector3(5.87061, 2.96301, 0.373535)

[sub_resource type="BoxShape3D" id="BoxShape3D_522ht"]
size = Vector3(1.8437, 6.70941, 0.739639)

[sub_resource type="BoxShape3D" id="BoxShape3D_o3lke"]
size = Vector3(1.87018, 1.55212, 0.972168)

[sub_resource type="BoxShape3D" id="BoxShape3D_vkffe"]
size = Vector3(11.0715, 1.20166, 0.951172)

[sub_resource type="BoxShape3D" id="BoxShape3D_peo8u"]
size = Vector3(1.23145, 12.7915, 0.661865)

[sub_resource type="BoxShape3D" id="BoxShape3D_881g7"]
size = Vector3(1.36926, 1.30273, 0.966248)

[sub_resource type="BoxShape3D" id="BoxShape3D_30rnr"]
size = Vector3(3.87524, 1.34485, 0.452148)

[sub_resource type="BoxShape3D" id="BoxShape3D_47lqi"]
size = Vector3(1.29578, 6.90582, 0.928101)

[sub_resource type="BoxShape3D" id="BoxShape3D_oc2h1"]
size = Vector3(1, 5.32205, 0.652832)

[sub_resource type="BoxShape3D" id="BoxShape3D_e3mg4"]
size = Vector3(1.24878, 1.28998, 0.934082)

[sub_resource type="BoxShape3D" id="BoxShape3D_bjenv"]
size = Vector3(10.0253, 1.35541, 1.04199)

[sub_resource type="BoxShape3D" id="BoxShape3D_l66tu"]
size = Vector3(1.30737, 0.861206, 1.28894)

[sub_resource type="BoxShape3D" id="BoxShape3D_0w3kn"]
size = Vector3(1.53992, 0.823669, 3.27094)

[sub_resource type="BoxShape3D" id="BoxShape3D_qhlic"]
size = Vector3(3.8277, 0.756226, 1.21582)

[sub_resource type="BoxShape3D" id="BoxShape3D_4teeg"]
size = Vector3(5.53543, 0.98877, 1.2724)

[sub_resource type="BoxShape3D" id="BoxShape3D_6ovl8"]
size = Vector3(2.10596, 0.961792, 2.98499)

[sub_resource type="BoxShape3D" id="BoxShape3D_tjj2u"]
size = Vector3(5.54242, 1, 2.36401)

[sub_resource type="BoxShape3D" id="BoxShape3D_xahhj"]
size = Vector3(2.16718, 2.39545, 0.934448)

[sub_resource type="BoxShape3D" id="BoxShape3D_vk1wi"]
size = Vector3(0.545471, 0.576782, 0.946167)

[sub_resource type="Animation" id="Animation_4h127"]
resource_name = "new_animation"
length = 6.0
loop_mode = 1
tracks/0/type = "value"
tracks/0/imported = false
tracks/0/enabled = true
tracks/0/path = NodePath(".:position")
tracks/0/interp = 1
tracks/0/loop_wrap = true
tracks/0/keys = {
"times": PackedFloat32Array(0, 3),
"transitions": PackedFloat32Array(1, 1),
"update": 0,
"values": [Vector3(1.77487, 7.70079, -9.54801), Vector3(1.77487, 7.67707, -9.26811)]
}

[sub_resource type="Animation" id="Animation_qfltq"]
length = 0.001
tracks/0/type = "value"
tracks/0/imported = false
tracks/0/enabled = true
tracks/0/path = NodePath(".:position")
tracks/0/interp = 1
tracks/0/loop_wrap = true
tracks/0/keys = {
"times": PackedFloat32Array(0),
"transitions": PackedFloat32Array(1),
"update": 0,
"values": [Vector3(1.77487, 7.70079, -9.54801)]
}

[sub_resource type="AnimationLibrary" id="AnimationLibrary_5qjsl"]
_data = {
"RESET": SubResource("Animation_qfltq"),
"new_animation": SubResource("Animation_4h127")
}

[sub_resource type="BoxShape3D" id="BoxShape3D_gfbl1"]
size = Vector3(0.641968, 0.578857, 1.07568)

[sub_resource type="Animation" id="Animation_i6if1"]
resource_name = "new_animation"
length = 6.0
loop_mode = 1
tracks/0/type = "value"
tracks/0/imported = false
tracks/0/enabled = true
tracks/0/path = NodePath(".:position")
tracks/0/interp = 1
tracks/0/loop_wrap = true
tracks/0/keys = {
"times": PackedFloat32Array(0, 3),
"transitions": PackedFloat32Array(1, 1),
"update": 0,
"values": [Vector3(0.659664, 7.60984, -9.12177), Vector3(0.659664, 7.6482, -9.57447)]
}

[sub_resource type="Animation" id="Animation_lwy5w"]
length = 0.001
tracks/0/type = "value"
tracks/0/imported = false
tracks/0/enabled = true
tracks/0/path = NodePath(".:position")
tracks/0/interp = 1
tracks/0/loop_wrap = true
tracks/0/keys = {
"times": PackedFloat32Array(0),
"transitions": PackedFloat32Array(1),
"update": 0,
"values": [Vector3(0.659664, 7.60984, -9.12177)]
}

[sub_resource type="AnimationLibrary" id="AnimationLibrary_0kkcn"]
_data = {
"RESET": SubResource("Animation_lwy5w"),
"new_animation": SubResource("Animation_i6if1")
}

[sub_resource type="BoxShape3D" id="BoxShape3D_f6aqq"]
size = Vector3(0.566162, 0.613586, 0.825684)

[sub_resource type="Animation" id="Animation_1t6bc"]
resource_name = "new_animation"
length = 6.0
loop_mode = 1
tracks/0/type = "value"
tracks/0/imported = false
tracks/0/enabled = true
tracks/0/path = NodePath(".:position")
tracks/0/interp = 1
tracks/0/loop_wrap = true
tracks/0/keys = {
"times": PackedFloat32Array(0, 3),
"transitions": PackedFloat32Array(1, 1),
"update": 0,
"values": [Vector3(-0.378275, 7.68815, -9.49291), Vector3(-0.378275, 7.62677, -8.7684)]
}

[sub_resource type="Animation" id="Animation_qd3du"]
length = 0.001
tracks/0/type = "value"
tracks/0/imported = false
tracks/0/enabled = true
tracks/0/path = NodePath(".:position")
tracks/0/interp = 1
tracks/0/loop_wrap = true
tracks/0/keys = {
"times": PackedFloat32Array(0),
"transitions": PackedFloat32Array(1),
"update": 0,
"values": [Vector3(-0.378275, 7.68815, -9.49291)]
}

[sub_resource type="AnimationLibrary" id="AnimationLibrary_xesb8"]
_data = {
"RESET": SubResource("Animation_qd3du"),
"new_animation": SubResource("Animation_1t6bc")
}

[sub_resource type="BoxShape3D" id="BoxShape3D_ps81l"]
size = Vector3(0.555283, 0.538994, 0.76532)

[sub_resource type="Animation" id="Animation_3scqn"]
resource_name = "new_animation"
length = 6.0
loop_mode = 1
tracks/0/type = "value"
tracks/0/imported = false
tracks/0/enabled = true
tracks/0/path = NodePath(".:position")
tracks/0/interp = 1
tracks/0/loop_wrap = true
tracks/0/keys = {
"times": PackedFloat32Array(0, 3),
"transitions": PackedFloat32Array(1, 1),
"update": 0,
"values": [Vector3(-1.5432, 7.67122, -9.49886), Vector3(-1.5432, 7.63342, -9.05268)]
}

[sub_resource type="Animation" id="Animation_yqdpa"]
length = 0.001
tracks/0/type = "value"
tracks/0/imported = false
tracks/0/enabled = true
tracks/0/path = NodePath(".:position")
tracks/0/interp = 1
tracks/0/loop_wrap = true
tracks/0/keys = {
"times": PackedFloat32Array(0),
"transitions": PackedFloat32Array(1),
"update": 0,
"values": [Vector3(-1.5432, 7.67122, -9.49886)]
}

[sub_resource type="AnimationLibrary" id="AnimationLibrary_t0l7x"]
_data = {
"RESET": SubResource("Animation_yqdpa"),
"new_animation": SubResource("Animation_3scqn")
}

[sub_resource type="BoxShape3D" id="BoxShape3D_wpd5b"]
size = Vector3(0.493179, 0.520569, 0.512421)

[sub_resource type="Animation" id="Animation_ofuse"]
resource_name = "new_animation"
length = 6.0
loop_mode = 1
tracks/0/type = "value"
tracks/0/imported = false
tracks/0/enabled = true
tracks/0/path = NodePath(".:position")
tracks/0/interp = 1
tracks/0/loop_wrap = true
tracks/0/keys = {
"times": PackedFloat32Array(0, 3),
"transitions": PackedFloat32Array(1, 1),
"update": 0,
"values": [Vector3(-2.55527, 7.73503, -9.37166), Vector3(-2.55527, 7.65704, -8.45117)]
}

[sub_resource type="Animation" id="Animation_50yr8"]
length = 0.001
tracks/0/type = "value"
tracks/0/imported = false
tracks/0/enabled = true
tracks/0/path = NodePath(".:position")
tracks/0/interp = 1
tracks/0/loop_wrap = true
tracks/0/keys = {
"times": PackedFloat32Array(0),
"transitions": PackedFloat32Array(1),
"update": 0,
"values": [Vector3(-2.55527, 7.73503, -9.37166)]
}

[sub_resource type="AnimationLibrary" id="AnimationLibrary_oi1md"]
_data = {
"RESET": SubResource("Animation_50yr8"),
"new_animation": SubResource("Animation_ofuse")
}

[sub_resource type="BoxShape3D" id="BoxShape3D_svpll"]
size = Vector3(0.575195, 0.62854, 1.01941)

[sub_resource type="Animation" id="Animation_qeml0"]
resource_name = "new_animation"
length = 6.0
loop_mode = 1
tracks/0/type = "value"
tracks/0/imported = false
tracks/0/enabled = true
tracks/0/path = NodePath(".:position")
tracks/0/interp = 1
tracks/0/loop_wrap = true
tracks/0/keys = {
"times": PackedFloat32Array(0, 3),
"transitions": PackedFloat32Array(1, 1),
"update": 0,
"values": [Vector3(-2.60506, 9.15317, -9.47508), Vector3(-2.60506, 9.10751, -8.93616)]
}

[sub_resource type="Animation" id="Animation_nslj2"]
length = 0.001
tracks/0/type = "value"
tracks/0/imported = false
tracks/0/enabled = true
tracks/0/path = NodePath(".:position")
tracks/0/interp = 1
tracks/0/loop_wrap = true
tracks/0/keys = {
"times": PackedFloat32Array(0),
"transitions": PackedFloat32Array(1),
"update": 0,
"values": [Vector3(-2.60506, 9.15317, -9.47508)]
}

[sub_resource type="AnimationLibrary" id="AnimationLibrary_g1iit"]
_data = {
"RESET": SubResource("Animation_nslj2"),
"new_animation": SubResource("Animation_qeml0")
}

[sub_resource type="BoxShape3D" id="BoxShape3D_o1cy7"]
size = Vector3(0.592682, 0.570923, 0.782715)

[sub_resource type="Animation" id="Animation_cuuu1"]
resource_name = "new_animation"
length = 6.0
loop_mode = 1
tracks/0/type = "value"
tracks/0/imported = false
tracks/0/enabled = true
tracks/0/path = NodePath(".:position")
tracks/0/interp = 1
tracks/0/loop_wrap = true
tracks/0/keys = {
"times": PackedFloat32Array(0, 3),
"transitions": PackedFloat32Array(1, 1),
"update": 0,
"values": [Vector3(-1.58209, 9.11007, -8.60589), Vector3(-1.58209, 9.17311, -9.34986)]
}

[sub_resource type="Animation" id="Animation_d6jat"]
length = 0.001
tracks/0/type = "value"
tracks/0/imported = false
tracks/0/enabled = true
tracks/0/path = NodePath(".:position")
tracks/0/interp = 1
tracks/0/loop_wrap = true
tracks/0/keys = {
"times": PackedFloat32Array(0),
"transitions": PackedFloat32Array(1),
"update": 0,
"values": [Vector3(-1.58209, 9.11007, -8.60589)]
}

[sub_resource type="AnimationLibrary" id="AnimationLibrary_dt6d5"]
_data = {
"RESET": SubResource("Animation_d6jat"),
"new_animation": SubResource("Animation_cuuu1")
}

[sub_resource type="BoxShape3D" id="BoxShape3D_sgvt8"]
size = Vector3(0.598389, 0.647217, 0.886353)

[sub_resource type="Animation" id="Animation_wc1bg"]
resource_name = "new_animation"
length = 6.0
loop_mode = 1
tracks/0/type = "value"
tracks/0/imported = false
tracks/0/enabled = true
tracks/0/path = NodePath(".:position")
tracks/0/interp = 1
tracks/0/loop_wrap = true
tracks/0/keys = {
"times": PackedFloat32Array(0, 3),
"transitions": PackedFloat32Array(1, 1),
"update": 0,
"values": [Vector3(-0.393235, 9.1659, -9.46978), Vector3(-0.393235, 9.1306, -9.02398)]
}

[sub_resource type="Animation" id="Animation_lvi5w"]
length = 0.001
tracks/0/type = "value"
tracks/0/imported = false
tracks/0/enabled = true
tracks/0/path = NodePath(".:position")
tracks/0/interp = 1
tracks/0/loop_wrap = true
tracks/0/keys = {
"times": PackedFloat32Array(0),
"transitions": PackedFloat32Array(1),
"update": 0,
"values": [Vector3(-0.393235, 9.1659, -9.46978)]
}

[sub_resource type="AnimationLibrary" id="AnimationLibrary_e6jad"]
_data = {
"RESET": SubResource("Animation_lvi5w"),
"new_animation": SubResource("Animation_wc1bg")
}

[sub_resource type="BoxShape3D" id="BoxShape3D_3ha4a"]
size = Vector3(0.678711, 0.701538, 0.864746)

[sub_resource type="Animation" id="Animation_k310j"]
resource_name = "new_animation"
length = 6.0
loop_mode = 1
tracks/0/type = "value"
tracks/0/imported = false
tracks/0/enabled = true
tracks/0/path = NodePath(".:position")
tracks/0/interp = 1
tracks/0/loop_wrap = true
tracks/0/keys = {
"times": PackedFloat32Array(0, 3),
"transitions": PackedFloat32Array(1, 1),
"update": 0,
"values": [Vector3(0.79685, 9.12914, -9.4638), Vector3(0.79685, 9.05005, -8.53033)]
}

[sub_resource type="Animation" id="Animation_kwqxo"]
length = 0.001
tracks/0/type = "value"
tracks/0/imported = false
tracks/0/enabled = true
tracks/0/path = NodePath(".:position")
tracks/0/interp = 1
tracks/0/loop_wrap = true
tracks/0/keys = {
"times": PackedFloat32Array(0),
"transitions": PackedFloat32Array(1),
"update": 0,
"values": [Vector3(0.79685, 9.12914, -9.4638)]
}

[sub_resource type="AnimationLibrary" id="AnimationLibrary_2vpmd"]
_data = {
"RESET": SubResource("Animation_kwqxo"),
"new_animation": SubResource("Animation_k310j")
}

[sub_resource type="BoxShape3D" id="BoxShape3D_dw4dm"]
size = Vector3(0.645752, 0.564941, 1)

[sub_resource type="Animation" id="Animation_mjy8i"]
resource_name = "new_animation"
length = 6.0
loop_mode = 1
tracks/0/type = "value"
tracks/0/imported = false
tracks/0/enabled = true
tracks/0/path = NodePath(".:position")
tracks/0/interp = 1
tracks/0/loop_wrap = true
tracks/0/keys = {
"times": PackedFloat32Array(0, 3),
"transitions": PackedFloat32Array(1, 1),
"update": 0,
"values": [Vector3(1.88112, 9.04131, -8.58296), Vector3(1.88112, 9.11495, -9.45205)]
}

[sub_resource type="Animation" id="Animation_v5qph"]
length = 0.001
tracks/0/type = "value"
tracks/0/imported = false
tracks/0/enabled = true
tracks/0/path = NodePath(".:position")
tracks/0/interp = 1
tracks/0/loop_wrap = true
tracks/0/keys = {
"times": PackedFloat32Array(0),
"transitions": PackedFloat32Array(1),
"update": 0,
"values": [Vector3(1.88112, 9.04131, -8.58296)]
}

[sub_resource type="AnimationLibrary" id="AnimationLibrary_7jlrm"]
_data = {
"RESET": SubResource("Animation_v5qph"),
"new_animation": SubResource("Animation_mjy8i")
}

[sub_resource type="BoxShape3D" id="BoxShape3D_xa8hf"]
size = Vector3(0.463318, 0.578064, 0.86084)

[sub_resource type="Animation" id="Animation_roemd"]
resource_name = "new_animation"
length = 6.0
loop_mode = 1
tracks/0/type = "value"
tracks/0/imported = false
tracks/0/enabled = true
tracks/0/path = NodePath(".:position")
tracks/0/interp = 1
tracks/0/loop_wrap = true
tracks/0/keys = {
"times": PackedFloat32Array(0, 3),
"transitions": PackedFloat32Array(1, 1),
"update": 0,
"values": [Vector3(3.05249, 9.1721, -9.40709), Vector3(3.05249, 9.09811, -8.53382)]
}

[sub_resource type="Animation" id="Animation_j11ch"]
length = 0.001
tracks/0/type = "value"
tracks/0/imported = false
tracks/0/enabled = true
tracks/0/path = NodePath(".:position")
tracks/0/interp = 1
tracks/0/loop_wrap = true
tracks/0/keys = {
"times": PackedFloat32Array(0),
"transitions": PackedFloat32Array(1),
"update": 0,
"values": [Vector3(3.05249, 9.1721, -9.40709)]
}

[sub_resource type="AnimationLibrary" id="AnimationLibrary_rmryh"]
_data = {
"RESET": SubResource("Animation_j11ch"),
"new_animation": SubResource("Animation_roemd")
}

[sub_resource type="BoxShape3D" id="BoxShape3D_bqr08"]
size = Vector3(0.614441, 0.620605, 1.03638)

[sub_resource type="Animation" id="Animation_77r4o"]
resource_name = "new_animation"
length = 6.0
loop_mode = 1
tracks/0/type = "value"
tracks/0/imported = false
tracks/0/enabled = true
tracks/0/path = NodePath(".:position")
tracks/0/interp = 1
tracks/0/loop_wrap = true
tracks/0/keys = {
"times": PackedFloat32Array(0, 3),
"transitions": PackedFloat32Array(1, 1),
"update": 0,
"values": [Vector3(3.05274, 10.0908, -9.42338), Vector3(3.05274, 10.0399, -8.8228)]
}

[sub_resource type="Animation" id="Animation_n3qbe"]
length = 0.001
tracks/0/type = "value"
tracks/0/imported = false
tracks/0/enabled = true
tracks/0/path = NodePath(".:position")
tracks/0/interp = 1
tracks/0/loop_wrap = true
tracks/0/keys = {
"times": PackedFloat32Array(0),
"transitions": PackedFloat32Array(1),
"update": 0,
"values": [Vector3(3.05274, 10.0908, -9.42338)]
}

[sub_resource type="AnimationLibrary" id="AnimationLibrary_hb5xf"]
_data = {
"RESET": SubResource("Animation_n3qbe"),
"new_animation": SubResource("Animation_77r4o")
}

[sub_resource type="BoxShape3D" id="BoxShape3D_ftkcu"]
size = Vector3(0.662659, 0.605499, 1.09631)

[sub_resource type="Animation" id="Animation_tywhq"]
resource_name = "new_animation"
length = 6.0
loop_mode = 1
tracks/0/type = "value"
tracks/0/imported = false
tracks/0/enabled = true
tracks/0/path = NodePath(".:position")
tracks/0/interp = 1
tracks/0/loop_wrap = true
tracks/0/keys = {
"times": PackedFloat32Array(0, 3),
"transitions": PackedFloat32Array(1, 1),
"update": 0,
"values": [Vector3(1.86957, 10.1029, -9.46176), Vector3(1.86957, 10.0274, -8.57034)]
}

[sub_resource type="Animation" id="Animation_120qx"]
length = 0.001
tracks/0/type = "value"
tracks/0/imported = false
tracks/0/enabled = true
tracks/0/path = NodePath(".:position")
tracks/0/interp = 1
tracks/0/loop_wrap = true
tracks/0/keys = {
"times": PackedFloat32Array(0),
"transitions": PackedFloat32Array(1),
"update": 0,
"values": [Vector3(1.86957, 10.1029, -9.46176)]
}

[sub_resource type="AnimationLibrary" id="AnimationLibrary_owu1b"]
_data = {
"RESET": SubResource("Animation_120qx"),
"new_animation": SubResource("Animation_tywhq")
}

[sub_resource type="CylinderShape3D" id="CylinderShape3D_cbdnm"]
height = 0.253271
radius = 1.0

[sub_resource type="Animation" id="Animation_jmik6"]
resource_name = "Move_cycle"
length = 10.0
loop_mode = 1
tracks/0/type = "value"
tracks/0/imported = false
tracks/0/enabled = true
tracks/0/path = NodePath(".:position")
tracks/0/interp = 1
tracks/0/loop_wrap = true
tracks/0/keys = {
"times": PackedFloat32Array(-0.0666667, 0, 1, 5, 9.53333, 10),
"transitions": PackedFloat32Array(1, 1, 1, 1, 1, 1),
"update": 0,
"values": [Vector3(0, -7.60729, -25.7553), Vector3(0, -7.64881, -25.5723), Vector3(0, -7.64463, -25.5907), Vector3(0, -1.12513, -32.0562), Vector3(0, -7.69489, -25.6702), Vector3(0, -7.649, -25.572)]
}

[sub_resource type="Animation" id="Animation_r6url"]
length = 0.001
tracks/0/type = "value"
tracks/0/imported = false
tracks/0/enabled = true
tracks/0/path = NodePath(".:position")
tracks/0/interp = 1
tracks/0/loop_wrap = true
tracks/0/keys = {
"times": PackedFloat32Array(0),
"transitions": PackedFloat32Array(1),
"update": 0,
"values": [Vector3(0, -7.60729, -25.7553)]
}

[sub_resource type="AnimationLibrary" id="AnimationLibrary_lba86"]
_data = {
"Move_cycle": SubResource("Animation_jmik6"),
"RESET": SubResource("Animation_r6url")
}

[sub_resource type="BoxShape3D" id="BoxShape3D_7d24q"]
size = Vector3(1, 1, 1.14111)

[sub_resource type="BoxShape3D" id="BoxShape3D_deb0t"]
size = Vector3(1.8972, 0.555176, 0.77832)

[sub_resource type="BoxShape3D" id="BoxShape3D_6xsvl"]
size = Vector3(8.72192, 1.03516, 3.99593)

[sub_resource type="BoxShape3D" id="BoxShape3D_ab8gv"]
size = Vector3(3.21185, 1, 1.42136)

[node name="Node3D" type="Node3D"]
script = ExtResource("1_le85t")

[node name="SoundMusicMain" type="AudioStreamPlayer" parent="."]
stream = ExtResource("6_2rpnm")
volume_db = -8.0

[node name="Dino" parent="." instance=ExtResource("1_on506")]
transform = Transform3D(0.025, 0, 0, 0, 0.025, 0, 0, 0, 0.025, -0.0529699, 1.10765, 0.385706)

[node name="StaticBody3D" type="StaticBody3D" parent="."]
transform = Transform3D(1, 0, 0, 0, -0.0844257, 0.99643, 0, -0.99643, -0.0844257, 0, 7.01912, 0)

[node name="homeisland" parent="StaticBody3D" instance=ExtResource("2_jdbx3")]
transform = Transform3D(1, 0, 0, 0, -0.0830519, -0.996547, 0, 0.996547, -0.0830519, 0, 0.68355, -8.06755)

[node name="Mountain" type="CollisionShape3D" parent="StaticBody3D"]
transform = Transform3D(1, 0, 0, 0, 0.996552, -0.0830874, 0, 0.0830874, 0.996552, 0.00253336, 0.667316, -8.02558)
shape = SubResource("BoxShape3D_2e7xp")

[node name="MountainInside5" type="CollisionShape3D" parent="StaticBody3D"]
transform = Transform3D(0.998646, 0.0467428, 0.0228141, -0.0450382, 0.99652, -0.0702448, -0.026018, 0.0691232, 0.997271, -0.827245, -1.12284, -7.28435)
shape = SubResource("BoxShape3D_am7kk")

[node name="MountainInside4" type="CollisionShape3D" parent="StaticBody3D"]
transform = Transform3D(1, 0, 0, 0, 0.996552, -0.0830884, 0, 0.0830884, 0.996552, 0.0896788, -2.23127, -7.32904)
shape = SubResource("BoxShape3D_ho7xt")

[node name="MountainInside3" type="CollisionShape3D" parent="StaticBody3D"]
transform = Transform3D(1, 0, 0, 0, 0.996552, -0.0830884, 0, 0.0830884, 0.996552, 0.614329, -1.45076, -7.26277)
shape = SubResource("BoxShape3D_sd3ly")

[node name="MountainInside2" type="CollisionShape3D" parent="StaticBody3D"]
transform = Transform3D(1, 0, 0, 0, 0.996552, -0.0830884, 0, 0.0830884, 0.996552, -0.648373, -0.661304, -7.19559)
shape = SubResource("BoxShape3D_fmwdb")

[node name="MountainInside1" type="CollisionShape3D" parent="StaticBody3D"]
transform = Transform3D(1, 0, 0, 0, 0.996552, -0.0830884, 0, 0.0830884, 0.996552, 0.334544, -0.644607, -7.1942)
shape = SubResource("BoxShape3D_wp45b")

[node name="MountainInside" type="CollisionShape3D" parent="StaticBody3D"]
transform = Transform3D(1, 0, 0, 0, 0.996552, -0.0830884, 0, 0.0830884, 0.996552, 0.00812817, -0.991573, -7.30403)
shape = SubResource("BoxShape3D_g5ven")

[node name="MountainStairs1" type="CollisionShape3D" parent="StaticBody3D"]
transform = Transform3D(1, 0, 0, 0, 0.996552, -0.0830884, 0, 0.0830884, 0.996552, 1.30627, -0.0841328, -7.39852)
shape = SubResource("BoxShape3D_fabjt")

[node name="MountainStairs2" type="CollisionShape3D" parent="StaticBody3D"]
transform = Transform3D(1, 0, 0, 0, 0.996552, -0.0830884, 0, 0.0830884, 0.996552, 1.30627, 0.551044, -7.96444)
shape = SubResource("BoxShape3D_fabjt")

[node name="MountainStairs3" type="CollisionShape3D" parent="StaticBody3D"]
transform = Transform3D(1, 0, 0, 0, 0.996552, -0.0830884, 0, 0.0830884, 0.996552, 1.30627, 1.19791, -8.50665)
shape = SubResource("BoxShape3D_fabjt")

[node name="MountainStairs4" type="CollisionShape3D" parent="StaticBody3D"]
transform = Transform3D(1, 0, 0, 0, 0.996552, -0.0830884, 0, 0.0830884, 0.996552, 1.30627, 1.81357, -9.04206)
shape = SubResource("BoxShape3D_fabjt")

[node name="Main2" type="CollisionShape3D" parent="StaticBody3D"]
transform = Transform3D(1, 0, 0, 0, 0.612891, 0.790186, 0, -0.790183, 0.612893, 0.0523981, 2.34262, -8.43226)
shape = SubResource("BoxShape3D_2wh6w")

[node name="Main3" type="CollisionShape3D" parent="StaticBody3D"]
transform = Transform3D(1, 0, 0, 0, 0.996502, -0.0837514, 0, 0.0837548, 0.9965, 0.0769533, 4.49383, -9.24391)
shape = SubResource("BoxShape3D_pconj")

[node name="River1" type="CollisionShape3D" parent="StaticBody3D"]
transform = Transform3D(1, 0, 0, 0, 0.994702, -0.102953, 0, 0.102957, 0.994701, 2.95515, 7.68205, -9.29592)
shape = SubResource("BoxShape3D_6uo28")

[node name="river_stone" parent="StaticBody3D/River1" instance=ExtResource("4_4sxba")]
transform = Transform3D(1, 0, 0, 0, -4.28408e-08, 1, 0, -1, -4.28408e-08, 0, -0.0131578, -0.707025)

[node name="AnimationPlayer" type="AnimationPlayer" parent="StaticBody3D/River1"]
libraries = {
"": SubResource("AnimationLibrary_5kl1c")
}
autoplay = "new_animation"

[node name="Main4" type="CollisionShape3D" parent="StaticBody3D"]
transform = Transform3D(1, 0, 0, 0, 0.996521, -0.0833475, 0, 0.0833475, 0.996521, 0.221786, 12.633, -8.80891)
shape = SubResource("BoxShape3D_w415f")

[node name="Fall12" type="CollisionShape3D" parent="StaticBody3D"]
transform = Transform3D(1, 0, 0, 0, 0.778586, 0.627546, 0, -0.627544, 0.778586, -1.33735, 19.0362, -12.7514)
shape = SubResource("BoxShape3D_16hbb")

[node name="Fall11" type="CollisionShape3D" parent="StaticBody3D"]
transform = Transform3D(1, 0, 0, 0, 0.778586, 0.627546, 0, -0.627544, 0.778586, 0.217119, 18.8878, -12.5861)
shape = SubResource("BoxShape3D_re66d")

[node name="Fall10" type="CollisionShape3D" parent="StaticBody3D"]
transform = Transform3D(1, 0, 0, 0, 0.778586, 0.627546, 0, -0.627544, 0.778586, 1.79337, 19.2064, -12.7782)
shape = SubResource("BoxShape3D_mwhlw")

[node name="Fall9" type="CollisionShape3D" parent="StaticBody3D"]
transform = Transform3D(1, 0, 0, 0, 0.778586, 0.627546, 0, -0.627544, 0.778586, 3.13146, 18.9674, -12.5855)
shape = SubResource("BoxShape3D_gi7qr")

[node name="Fall8" type="CollisionShape3D" parent="StaticBody3D"]
transform = Transform3D(1, 0, 0, 0, 0.778586, 0.627546, 0, -0.627544, 0.778586, 0.571508, 17.8376, -11.6749)
shape = SubResource("BoxShape3D_5aggh")

[node name="Fall7" type="CollisionShape3D" parent="StaticBody3D"]
transform = Transform3D(1, 0, 0, 0, 0.778586, 0.627546, 0, -0.627544, 0.778586, -1.27745, 17.3379, -11.2734)
shape = SubResource("BoxShape3D_nf1kc")

[node name="Fall6" type="CollisionShape3D" parent="StaticBody3D"]
transform = Transform3D(1, 0, 0, 0, 0.778586, 0.627546, 0, -0.627544, 0.778586, -2.59712, 17.4073, -11.2097)
shape = SubResource("BoxShape3D_ympvu")

[node name="Fall5" type="CollisionShape3D" parent="StaticBody3D"]
transform = Transform3D(1, 0, 0, 0, 0.778583, 0.627542, 0, -0.627542, 0.778583, -2.19496, 14.6997, -8.94492)
shape = SubResource("BoxShape3D_i71h3")

[node name="Fall4" type="CollisionShape3D" parent="StaticBody3D"]
transform = Transform3D(1, 0, 0, 0, 0.771636, 0.636065, 0, -0.636065, 0.771636, 2.57339, 16.3889, -10.1487)
shape = SubResource("BoxShape3D_sxuqk")

[node name="Fall3" type="CollisionShape3D" parent="StaticBody3D"]
transform = Transform3D(1, 0, 0, 0, 0.771636, 0.636065, 0, -0.636065, 0.771636, 1.24854, 14.6169, -8.52261)
shape = SubResource("BoxShape3D_8ojj8")

[node name="Fall2" type="CollisionShape3D" parent="StaticBody3D"]
transform = Transform3D(1, 0, 0, 0, 0.771636, 0.636065, 0, -0.636065, 0.771636, 1.19277, 16.5013, -10.5505)
shape = SubResource("BoxShape3D_pf1td")

[node name="Fall1" type="CollisionShape3D" parent="StaticBody3D"]
transform = Transform3D(1, 0, 0, 0, 0.771636, 0.636065, 0, -0.636065, 0.771636, -0.197388, 15.5284, -9.63507)
shape = SubResource("BoxShape3D_ny0yw")

[node name="Main6" type="CollisionShape3D" parent="StaticBody3D"]
transform = Transform3D(1, 0, 0, 0, -0.0806686, -0.996741, 0, 0.996741, -0.0806686, 0, 20.5496, -12.9009)
shape = SubResource("CylinderShape3D_wowm3")

[node name="Main7" type="CollisionShape3D" parent="StaticBody3D"]
transform = Transform3D(1, 0, 0, 0, 0.997354, -0.0727686, 0, 0.0727686, 0.997354, -0.0192032, 36.0188, -5.08616)
shape = SubResource("BoxShape3D_xl7e6")

[node name="Static17" type="CollisionShape3D" parent="StaticBody3D"]
transform = Transform3D(0.999955, -0.00184867, -0.00255221, 0.00166812, 0.997622, -0.0695025, 0.00271507, 0.0694989, 0.997604, 0.265988, 55.3386, -3.28724)
shape = SubResource("BoxShape3D_522ht")

[node name="Static16" type="CollisionShape3D" parent="StaticBody3D"]
transform = Transform3D(0.999955, -0.00184867, -0.00255221, 0.00166812, 0.997622, -0.0695022, 0.00271507, 0.0694989, 0.9976, 0.099185, 50.363, -3.49821)
shape = SubResource("BoxShape3D_o3lke")

[node name="Static15" type="CollisionShape3D" parent="StaticBody3D"]
transform = Transform3D(0.999992, -0.00184875, -0.00255227, 0.00155193, 0.993745, -0.112209, 0.00278415, 0.112204, 0.993724, 4.86004, 49.158, -3.55531)
shape = SubResource("BoxShape3D_vkffe")

[node name="Stairs14" type="CollisionShape3D" parent="StaticBody3D"]
transform = Transform3D(1.00001, -0.00184879, -0.00255229, 0.00227424, 0.984142, 0.177745, 0.00222368, -0.177741, 0.984118, 9.89595, 42.2677, -2.31205)
shape = SubResource("BoxShape3D_peo8u")

[node name="Stairs13" type="CollisionShape3D" parent="StaticBody3D"]
transform = Transform3D(0.999694, 0.0244218, 0.00452718, -0.02404, 0.997256, -0.0707438, -0.00620192, 0.0706227, 0.997524, 9.82633, 35.5084, -1.38744)
shape = SubResource("BoxShape3D_881g7")

[node name="Stairs12" type="CollisionShape3D" parent="StaticBody3D"]
transform = Transform3D(0.889906, -0.00396396, 0.45616, 0.0385222, 0.997103, -0.0664841, -0.454527, 0.0767437, 0.887482, 7.45291, 35.445, -0.317806)
shape = SubResource("BoxShape3D_30rnr")

[node name="Stairs11" type="CollisionShape3D" parent="StaticBody3D"]
transform = Transform3D(1, -3.85508e-05, 0.0032989, 0.00028883, 0.997183, -0.0757781, -0.00328953, 0.0757879, 0.997177, 5.18919, 38.1573, 0.519424)
shape = SubResource("BoxShape3D_47lqi")

[node name="Stairs10" type="CollisionShape3D" parent="StaticBody3D"]
transform = Transform3D(1, -3.85524e-05, 0.00329881, -0.000782682, 0.968638, 0.248704, -0.00320787, -0.248698, 0.968635, 5.19572, 44.0597, 0.308821)
shape = SubResource("BoxShape3D_oc2h1")

[node name="Stairs9" type="CollisionShape3D" parent="StaticBody3D"]
transform = Transform3D(0.999994, -3.85371e-05, 0.00329854, 0.000278795, 0.997354, -0.0727685, -0.00329007, 0.0727687, 0.997351, 5.19385, 47.3302, -0.441818)
shape = SubResource("BoxShape3D_e3mg4")

[node name="Stairs8" type="CollisionShape3D" parent="StaticBody3D"]
transform = Transform3D(0.973307, 0.00268372, -0.229491, -0.0193762, 0.997327, -0.0705159, 0.228686, 0.0730797, 0.970765, -0.163852, 47.4071, -1.62736)
shape = SubResource("BoxShape3D_bjenv")

[node name="Stairs7" type="CollisionShape3D" parent="StaticBody3D"]
transform = Transform3D(0.999904, -0.012915, 5.6867e-08, -0.00106562, -0.082504, -0.996592, 0.0128709, 0.996497, -0.0825118, -5.79192, 47.4846, -2.66229)
shape = SubResource("BoxShape3D_l66tu")

[node name="Stairs6" type="CollisionShape3D" parent="StaticBody3D"]
transform = Transform3D(0.99989, -0.0129147, -3.58559e-08, -0.00600995, -0.465312, -0.885126, 0.011431, 0.885042, -0.465347, -5.7765, 45.5615, -3.40467)
shape = SubResource("BoxShape3D_0w3kn")

[node name="Stairs5" type="CollisionShape3D" parent="StaticBody3D"]
transform = Transform3D(0.999917, -0.012915, 0, -0.00109035, -0.0844187, -0.99643, 0.0128688, 0.996347, -0.0844257, -4.54441, 43.834, -3.87774)
shape = SubResource("BoxShape3D_qhlic")

[node name="Stairs4" type="CollisionShape3D" parent="StaticBody3D"]
transform = Transform3D(0.904827, 0.425779, 0, 0.0359467, -0.0763907, -0.99643, -0.424259, 0.901597, -0.0844257, -0.304454, 43.9816, -5.06646)
shape = SubResource("BoxShape3D_4teeg")

[node name="Stairs3" type="CollisionShape3D" parent="StaticBody3D"]
transform = Transform3D(1, 0, 0, 0, -0.0844257, -0.99643, 0, 0.99643, -0.0844257, 3.22122, 43.2192, -6.2455)
shape = SubResource("BoxShape3D_6ovl8")

[node name="Stairs2" type="CollisionShape3D" parent="StaticBody3D"]
transform = Transform3D(1, 0, 0, 0, -0.0844257, -0.99643, 0, 0.99643, -0.0844257, 1.55875, 40.6711, -6.44222)
shape = SubResource("BoxShape3D_tjj2u")

[node name="Stairs1" type="CollisionShape3D" parent="StaticBody3D"]
transform = Transform3D(1, 0, 0, 0, 0.849138, 0.528172, 0, -0.528172, 0.849138, -0.112045, 38.2005, -5.85788)
shape = SubResource("BoxShape3D_xahhj")

[node name="River2" type="CollisionShape3D" parent="StaticBody3D"]
transform = Transform3D(1, 0, 0, 0, 0.996627, -0.0820952, 0, 0.0820952, 0.996627, 1.77487, 7.70079, -9.54801)
shape = SubResource("BoxShape3D_vk1wi")

[node name="river_stone" parent="StaticBody3D/River2" instance=ExtResource("4_4sxba")]
transform = Transform3D(1, 0, 0, 0, -4.37722e-08, -1, 0, 1, -4.37722e-08, 0, 0.00128126, -0.547775)

[node name="AnimationPlayer" type="AnimationPlayer" parent="StaticBody3D/River2"]
libraries = {
"": SubResource("AnimationLibrary_5qjsl")
}
autoplay = "new_animation"

[node name="River3" type="CollisionShape3D" parent="StaticBody3D"]
transform = Transform3D(1, 0, 0, 0, 0.996519, -0.0834173, 0, 0.0834173, 0.996519, 0.659664, 7.60984, -9.12177)
shape = SubResource("BoxShape3D_gfbl1")

[node name="river_stone" parent="StaticBody3D/River3" instance=ExtResource("4_4sxba")]
transform = Transform3D(1, 0, 0, 0, -4.36557e-08, -1, 0, 1, -4.36557e-08, 0, 0.000501633, -0.495408)

[node name="AnimationPlayer" type="AnimationPlayer" parent="StaticBody3D/River3"]
libraries = {
"": SubResource("AnimationLibrary_0kkcn")
}
autoplay = "new_animation"

[node name="River4" type="CollisionShape3D" parent="StaticBody3D"]
transform = Transform3D(1, 0, 0, 0, 0.99732, -0.0731687, 0, 0.0731687, 0.99732, -0.378275, 7.68815, -9.49291)
shape = SubResource("BoxShape3D_f6aqq")

[node name="river_stone" parent="StaticBody3D/River4" instance=ExtResource("4_4sxba")]
transform = Transform3D(1, 0, 0, 0, -4.47035e-08, -1, 0, 1, -4.47035e-08, 0, 0.00687551, -0.608823)

[node name="AnimationPlayer" type="AnimationPlayer" parent="StaticBody3D/River4"]
libraries = {
"": SubResource("AnimationLibrary_xesb8")
}
autoplay = "new_animation"

[node name="River5" type="CollisionShape3D" parent="StaticBody3D"]
transform = Transform3D(1, 0, 0, 0, 0.997794, -0.0664482, 0, 0.0664482, 0.997794, -1.5432, 7.67122, -9.49886)
shape = SubResource("BoxShape3D_ps81l")

[node name="river_stone" parent="StaticBody3D/River5" instance=ExtResource("4_4sxba")]
transform = Transform3D(1, 0, 0, 0, -4.47035e-08, -1, 0, 1, -4.47035e-08, 0, 0.0115786, -0.642093)

[node name="AnimationPlayer" type="AnimationPlayer" parent="StaticBody3D/River5"]
libraries = {
"": SubResource("AnimationLibrary_t0l7x")
}
autoplay = "new_animation"

[node name="River6" type="CollisionShape3D" parent="StaticBody3D"]
transform = Transform3D(1, 0, 0, 0, 0.996986, -0.0776068, 0, 0.0776068, 0.996986, -2.55527, 7.73503, -9.37166)
shape = SubResource("BoxShape3D_wpd5b")

[node name="river_stone" parent="StaticBody3D/River6" instance=ExtResource("4_4sxba")]
transform = Transform3D(1, 0, 0, 0, -4.42378e-08, -1, 0, 1, -4.42378e-08, 0, 0.00509357, -0.744478)

[node name="AnimationPlayer" type="AnimationPlayer" parent="StaticBody3D/River6"]
libraries = {
"": SubResource("AnimationLibrary_oi1md")
}
autoplay = "new_animation"

[node name="River7" type="CollisionShape3D" parent="StaticBody3D"]
transform = Transform3D(1, 0, 0, 0, 0.996977, -0.0776935, 0, 0.0776935, 0.996977, -2.60506, 9.15317, -9.47508)
shape = SubResource("BoxShape3D_svpll")

[node name="river_stone" parent="StaticBody3D/River7" instance=ExtResource("4_4sxba")]
transform = Transform3D(1, 0, 0, 0, -4.42378e-08, -1, 0, 1, -4.42378e-08, 0, 0.0033989, -0.503208)

[node name="AnimationPlayer" type="AnimationPlayer" parent="StaticBody3D/River7"]
libraries = {
"": SubResource("AnimationLibrary_g1iit")
}
autoplay = "new_animation"

[node name="River8" type="CollisionShape3D" parent="StaticBody3D"]
transform = Transform3D(1, 0, 0, 0, 0.994799, -0.10189, 0, 0.10189, 0.994799, -1.58209, 9.11007, -8.60589)
shape = SubResource("BoxShape3D_o1cy7")

[node name="river_stone" parent="StaticBody3D/River8" instance=ExtResource("4_4sxba")]
transform = Transform3D(1, 0, 0, 0, -4.28408e-08, -1, 0, 1, -4.28408e-08, 0, -0.0109854, -0.626209)

[node name="AnimationPlayer" type="AnimationPlayer" parent="StaticBody3D/River8"]
libraries = {
"": SubResource("AnimationLibrary_dt6d5")
}
autoplay = "new_animation"

[node name="River9" type="CollisionShape3D" parent="StaticBody3D"]
transform = Transform3D(1, 0, 0, 0, 0.9939, -0.11029, 0, 0.11029, 0.9939, -0.393235, 9.1659, -9.46978)
shape = SubResource("BoxShape3D_sgvt8")

[node name="river_stone" parent="StaticBody3D/River9" instance=ExtResource("4_4sxba")]
transform = Transform3D(1, 0, 0, 0, -4.28408e-08, -1, 0, 1, -4.28408e-08, 0, -0.0147123, -0.565982)

[node name="AnimationPlayer" type="AnimationPlayer" parent="StaticBody3D/River9"]
libraries = {
"": SubResource("AnimationLibrary_e6jad")
}
autoplay = "new_animation"

[node name="River10" type="CollisionShape3D" parent="StaticBody3D"]
transform = Transform3D(1, 0, 0, 0, 0.995617, -0.0935351, 0, 0.0935351, 0.995617, 0.79685, 9.12914, -9.4638)
shape = SubResource("BoxShape3D_3ha4a")

[node name="river_stone" parent="StaticBody3D/River10" instance=ExtResource("4_4sxba")]
transform = Transform3D(1, 0, 0, 0, -4.37722e-08, -1, 0, 1, -4.37722e-08, 0, -0.00531101, -0.580662)

[node name="AnimationPlayer" type="AnimationPlayer" parent="StaticBody3D/River10"]
libraries = {
"": SubResource("AnimationLibrary_2vpmd")
}
autoplay = "new_animation"

[node name="River11" type="CollisionShape3D" parent="StaticBody3D"]
transform = Transform3D(1, 0, 0, 0, 0.998176, -0.0603691, 0, 0.0603691, 0.998176, 1.88112, 9.04131, -8.58296)
shape = SubResource("BoxShape3D_dw4dm")

[node name="river_stone" parent="StaticBody3D/River11" instance=ExtResource("4_4sxba")]
transform = Transform3D(1, 0, 0, 0, -4.47035e-08, 1, 0, -1, -4.47035e-08, 0, 0.0404797, -0.509138)

[node name="AnimationPlayer" type="AnimationPlayer" parent="StaticBody3D/River11"]
libraries = {
"": SubResource("AnimationLibrary_7jlrm")
}
autoplay = "new_animation"

[node name="River12" type="CollisionShape3D" parent="StaticBody3D"]
transform = Transform3D(1, 0, 0, 0, 0.996955, -0.0781296, 0, 0.0781296, 0.996955, 3.05249, 9.1721, -9.40709)
shape = SubResource("BoxShape3D_xa8hf")

[node name="river_stone" parent="StaticBody3D/River12" instance=ExtResource("4_4sxba")]
transform = Transform3D(1, 0, 0, 0, -4.28408e-08, 1, 0, -1, -4.28408e-08, 0, 0.00363636, -0.575618)

[node name="AnimationPlayer" type="AnimationPlayer" parent="StaticBody3D/River12"]
libraries = {
"": SubResource("AnimationLibrary_rmryh")
}
